500
178 280
197 400
357 258
305 423
156 343
380 57
202 286
181 256
496 181
186 192
312 318
401 455
415 326
79 121
139 500
273 390
464 454
387 19
310 380
15 221
328 30
255 473
13 286
39 348
489 357
372 140
390 32
431 291
133 118
2 424
97 41
37 154
424 316
205 197
123 79
92 360
235 245
57 249
463 235
7 228
90 135
110 36
370 463
56 367
492 380
439 314
417 400
265 122
167 105
201 171
119 212
276 425
180 309
310 459
423 61
463 352
340 18
254 140
25 418
187 182
329 93
14 299
10 404
288 13
347 62
20 281
95 5
223 177
37 142
24 464
331 27
473 287
483 446
444 489
392 198
97 114
328 381
497 310
392 341
458 373
117 248
442 335
250 297
89 478
226 419
474 427
191 325
447 245
282 438
138 368
292 259
449 403
194 180
134 38
429 128
119 429
153 281
43 60
165 388
393 185
369 229
322 497
262 280
110 4
472 241
189 400
420 12
212 218
182 265
278 484
343 49
190 111
189 465
220 95
44 53
251 188
394 183
46 66
152 382
55 123
300 492
399 192
316 93
174 399
326 48
258 418
348 4
486 290
338 104
385 174
10 184
478 439
316 128
397 499
385 239
364 72
461 57
19 273
180 169
493 324
126 113
63 378
97 165
451 306
427 118
330 284
107 3
102 346
234 430
216 4
402 166
183 206
71 422
194 111
32 383
437 395
426 158
274 148
247 6
102 379
226 134
129 412
246 51
388 244
243 162
75 208
120 116
119 262
446 196
272 386
363 27
244 431
27 375
129 250
367 483
286 467
172 69
174 363
232 477
498 127
140 340
10 131
432 72
86 359
141 97
118 25
342 397
198 92
65 194
140 400
120 421
35 252
259 299
12 28
72 373
406 43
181 244
258 318
76 270
376 156
299 201
412 311
348 272
183 199
153 176
409 119
90 55
491 278
267 295
249 458
80 73
28 39
12 224
241 71
393 45
120 22
89 427
463 402
423 424
285 163
298 191
153 122
331 315
236 51
36 149
326 253
330 94
235 54
498 320
232 297
33 409
226 414
495 457
481 339
160 158
380 36
280 406
444 349
419 39
425 36
102 215
305 18
253 187
168 152
215 212
334 59
495 281
132 219
153 342
157 366
