500
278 399
64 239
446 349
305 401
243 32
223 183
46 214
84 465
311 86
276 133
170 434
443 142
59 387
19 262
400 169
218 171
242 429
415 51
233 223
480 488
82 293
323 258
42 319
314 253
305 274
358 250
222 83
147 450
439 434
376 425
138 292
118 59
356 264
297 108
235 258
276 427
183 13
50 256
5 65
169 329
283 244
348 108
68 23
463 191
496 341
109 350
371 188
67 70
300 435
200 192
221 263
495 225
3 105
155 192
233 356
321 244
394 273
315 133
156 136
128 83
283 455
481 439
106 188
294 153
380 351
479 409
474 353
447 427
467 262
356 111
284 392
260 287
456 187
112 192
285 116
25 31
182 429
319 336
34 143
402 237
498 10
20 16
96 112
17 195
131 427
168 448
352 379
259 14
331 35
12 19
196 362
338 437
444 457
76 98
216 156
328 342
21 394
245 152
39 290
86 97
436 313
400 234
477 333
144 186
25 63
154 334
10 271
375 229
75 204
457 454
434 106
448 208
292 8
122 163
475 420
311 21
343 188
138 478
105 473
363 478
162 34
185 55
242 345
8 237
453 11
490 13
497 82
60 470
34 5
13 363
148 194
408 300
148 90
341 319
395 416
127 220
77 339
412 20
374 441
309 429
225 201
469 420
481 145
268 241
180 490
279 298
276 479
158 135
429 114
318 152
474 157
234 339
152 119
179 93
384 358
465 245
317 418
297 14
378 113
261 311
484 283
102 320
279 110
425 442
198 34
366 383
423 316
81 472
446 70
267 153
392 372
402 94
111 417
244 79
38 83
404 23
28 109
294 250
298 231
338 26
439 32
104 346
97 282
499 389
199 257
358 162
223 62
347 281
310 162
303 370
18 195
337 196
227 254
249 381
313 352
473 8
294 104
68 343
271 89
155 158
164 131
156 369
58 29
401 456
464 309
277 210
145 259
4 101
343 418
191 15
84 499
97 223
23 419
183 384
216 2
338 159
75 51
52 231
150 44
192 481
137 29
133 435
153 118
192 371
43 98
182 10
345 168
434 92
470 175
145 449
181 322
221 109
233 222
171 3
311 232
306 84
311 493
130 424
37 90
249 353
160 54
458 438
153 121
277 111
47 282
113 59
446 106
493 72
373 147
